Accession	Length	A	C	G	T	Unknown
KF294434.1	2795	804	522	590	879	0
HQ890544.1	29646	8430	5926	6177	9113	0
KF514393.1	29687	8442	5941	6182	9122	0
KY417150.1	30311	8640	6079	6314	9278	0
AP006557.1	29727	8456	5939	6188	9144	0
KP886808.1	29723	8473	5918	6191	9141	0
AY395002.1	29350	8372	5862	6108	9008	0
HQ890536.1	29646	8427	5928	6175	9114	2
AY559091.1	29710	8452	5934	6185	9138	1
MK211376.1	30256	8618	6076	6281	9281	0
AY283796.1	29711	8453	5936	6185	9137	0
MT093571.1	29886	8936	5492	5865	9593	0
GP243203.1	29751	8481	5940	6187	9143	0
AY394997.1	29683	8465	5933	6172	9113	0
LC522974.1	29878	8931	5490	5863	9594	0
KY417151.1	30307	8646	6086	6296	9279	0
AY304493.1	11010	3207	2248	2190	3365	0
EA012715.1	5262	1563	1032	1099	1568	0
DJ045279.1	29751	8481	5940	6187	9143	0
AY304490.1	13471	3936	2755	2689	4087	4
MT039888.1	29882	8932	5490	5862	9597	1
AY502924.1	29727	8456	5934	6187	9147	3
FJ882962.1	29721	8444	5952	6192	9133	0
AY559086.1	29661	8435	5925	6180	9121	0
MT019529.1	29899	8949	5492	5865	9593	0
AY568539.1	29730	8437	5922	6177	9080	114
CS480537.1	37971	10512	7806	8196	11457	0
DQ898174.1	29751	8480	5941	6186	9144	0
AY515512.1	29731	8457	5948	6204	9122	0
AY394977.1	29433	7611	5369	5550	8126	2777
MN975262.1	29891	8942	5491	5863	9595	0
AY613950.1	29728	8475	5937	6197	9119	0
FJ882950.1	29646	8433	5935	6173	9104	1
GU190215.1	29276	8130	5691	6151	9304	0
KF514407.1	29689	8426	5958	6192	9113	0
AY348314.1	29573	8408	5908	6162	9095	0
AY485277.1	29741	8470	5941	6188	9142	0
JX163924.1	29646	8429	5922	6174	9121	0
LC522972.1	29878	8931	5489	5863	9595	0
FJ882939.1	29646	8429	5924	6177	9116	0
KF294433.1	2795	803	521	593	878	0
MT066176.1	29870	8920	5491	5864	9595	0
MT039890.1	29903	8955	5489	5861	9598	0
KC881006.1	29792	8519	5962	6192	9119	0
MK062184.1	29874	8472	5968	6241	9193	0
KF294440.1	2795	798	528	585	884	0
KT444582.1	30290	8618	6078	6311	9283	0
AY278554.2	29736	8476	5942	6185	9133	0
GP426726.1	29727	8454	5941	6188	9144	0
AY559088.1	29714	8453	5936	6185	9139	1
MG772934.1	29732	8734	5567	5976	9455	0
AY304488.1	29731	8461	5948	6191	9131	0
KF514406.1	29687	8442	5941	6182	9122	0
CQ918584.1	29736	8475	5940	6186	9135	0
LC522975.1	29878	8931	5490	5862	9595	0
LC522973.1	29878	8931	5489	5863	9595	0
HQ890541.1	29646	8430	5926	6177	9113	0
AB257344.1	29632	8429	5911	6176	9116	0
KF294443.1	2795	804	523	590	878	0
FJ882926.1	29675	8436	5938	6179	9122	0
AY274119.3	29751	8481	5940	6187	9143	0
KF294428.1	2795	804	522	589	880	0
KF569996.1	29805	8475	5911	6214	9205	0
HQ890542.1	29646	8430	5926	6177	9113	0
FJ882933.1	29648	8429	5925	6178	9116	0
KY417147.1	29741	8501	5959	6222	9059	0
MN908947.3	29903	8954	5492	5863	9594	0
MK211378.1	30213	8623	6095	6301	9194	0
FJ882941.1	29665	8435	5944	6178	9107	1
KF514402.1	29687	8442	5941	6182	9122	0
KY417149.1	29743	8497	5976	6216	9054	0
MK211375.1	29698	8465	5989	6202	9042	0
AY345986.1	29736	8476	5939	6186	9135	0
KF514390.1	29687	8442	5941	6182	9122	0
AY304486.1	29741	8466	5950	6193	9132	0
AY545917.1	29739	8473	5941	6199	9126	0
HQ890540.1	29646	8427	5927	6176	9114	2
HQ890530.1	29646	8427	5928	6176	9114	1
JF292903.1	29645	8427	5926	6176	9113	3
MG772933.1	29802	8740	5574	6020	9468	0
AY559081.1	29716	8453	5936	6188	9139	0
AY394982.1	29646	8380	5868	6121	9049	228
AY559085.1	29713	8453	5936	6186	9138	0
FJ882963.1	29682	8440	5932	6183	9126	1
KF294457.1	29676	8467	5886	6231	9092	0
CS116934.1	29746	8475	5940	6187	9144	0
GU553364.1	29644	8430	5919	6175	9120	0
FJ882946.1	29647	8429	5924	6178	9116	0
HW364297.1	29746	8475	5940	6187	9144	0
AY394984.1	29733	7463	5231	5448	7952	3639
KP886809.1	29723	8475	5918	6192	9138	0
AY394978.1	29640	8444	5914	6174	9108	0
MN996531.1	29857	8915	5492	5861	9589	0
JX163928.1	29646	8431	5920	6174	9119	2
JF292917.1	29646	8430	5926	6177	9113	0
JQ316196.1	29727	8455	5939	6188	9145	0
JF292914.1	29646	8429	5926	6177	9113	1
AY502928.1	29729	8458	5940	6188	9143	0
JF292911.1	29646	8430	5926	6177	9113	0
KF514408.1	29687	8443	5937	6183	9123	1
AY394996.1	29683	8465	5933	6172	9113	0
MN938384.1	29838	8909	5484	5859	9586	0
KY938558.1	29075	8242	5840	6074	8919	0
AY351680.1	29749	8444	5972	6208	9125	0
KF514398.1	29687	8443	5937	6183	9123	1
FJ882936.1	29646	8429	5924	6178	9115	0
DQ182595.1	29706	8450	5937	6184	9135	0
AY338175.1	29573	8409	5904	6162	9098	0
KF294455.1	21479	6116	4175	4582	6606	0
FJ882949.1	29647	8429	5924	6177	9117	0
KF294442.1	2795	804	523	589	879	0
AY394993.1	29736	8476	5942	6185	9133	0
EA012711.1	10546	2905	2036	2185	3420	0
KF294448.1	2795	803	523	590	879	0
FJ882943.1	29720	8447	5947	6188	9135	3
MT106054.1	29882	8933	5492	5863	9594	0
MN985325.1	29882	8933	5491	5863	9595	0
AY278741.1	29727	8455	5940	6188	9144	0
AY304492.1	13471	3936	2754	2689	4092	0
AY559087.1	29716	8456	5932	6186	9137	5
MT106053.1	29882	8932	5492	5864	9594	0
AY278488.2	29725	8465	5941	6185	9134	0
DL008527.1	29746	8475	5940	6187	9144	0
JX993987.1	29484	8385	6047	6216	8836	0
MK062182.1	29727	8436	5944	6197	9150	0
AY463059.1	29592	8407	5925	6174	9083	3
KJ473813.1	29461	8394	5928	6143	8996	0
GQ153542.1	29716	8416	5918	6296	9086	0
AY357076.1	29745	8485	5939	6186	9135	0
AY427439.1	29711	8452	5938	6185	9136	0
FJ882928.1	29687	8443	5938	6182	9124	0
AY323977.2	29751	8480	5940	6186	9144	1
AY345987.1	29736	8476	5939	6186	9135	0
NC_045512.2	29903	8954	5492	5863	9594	0
GQ153541.1	29704	8416	5943	6288	9057	0
HQ890539.1	29646	8427	5927	6176	9114	2
AY595412.1	29716	8456	5934	6181	9134	11
FJ882958.1	29720	8451	5943	6187	9137	2
EU371561.1	29602	8425	5911	6163	9103	0
MT019530.1	29889	8942	5493	5864	9590	0
KF514416.1	29687	8442	5941	6182	9122	0
EA012708.1	29751	8481	5940	6187	9143	0
AY394989.1	29736	8477	5940	6185	9134	0
DL008547.1	21221	6034	4128	4521	6538	0
KY417148.1	29743	8498	5972	6217	9056	0
KC881005.1	29787	8503	5986	6198	9097	3
KF514422.1	29687	8443	5937	6183	9123	1
AY559084.1	29722	8462	5938	6186	9136	0
FJ882931.1	29646	8430	5940	6174	9102	0
KF294421.1	2795	804	529	592	870	0
CS274822.1	8088	2387	1536	1682	2483	0
GQ153544.1	29695	8412	5937	6283	9063	0
DQ412043.1	29749	8499	5989	6242	9019	0
AY395003.1	29647	8454	5920	6167	9106	0
MT066175.1	29870	8921	5492	5863	9594	0
GQ153546.1	29695	8412	5939	6283	9061	0
AY559096.1	29720	8456	5932	6188	9144	0
DJ066921.1	29727	8455	5940	6188	9144	0
KJ473816.1	29142	8230	5845	6133	8934	0
AY559095.1	29719	8453	5937	6186	9143	0
MK211374.1	29648	8400	5904	6217	9127	0
GQ153548.1	29677	8407	5941	6276	9053	0
KY417144.1	29770	8487	5995	6194	9094	0
AY545918.1	29737	8465	5945	6202	9125	0
HQ890527.1	29646	8427	5928	6176	9114	1
CS117144.1	21221	6034	4128	4521	6538	0
FJ882959.1	29721	8447	5952	6189	9133	0
KY417145.1	29710	8434	6021	6243	9012	0
JX163925.1	29646	8431	5916	6174	9118	7
CS079029.1	29736	8476	5942	6185	9133	0
AY559092.1	29713	8452	5935	6185	9140	1
DQ648857.1	29741	8481	5978	6250	9032	0
AY313906.1	29754	8473	5937	6193	9151	0
AY395000.1	29350	8371	5862	6109	9008	0
CS079026.1	29751	8481	5940	6187	9143	0
AY394986.1	29729	8475	5933	6187	9134	0
KJ473815.1	29161	8342	5833	6083	8903	0
DJ059765.1	29746	8475	5940	6187	9144	0
AY864806.1	29751	8481	5942	6188	9140	0
FJ882937.1	29648	8428	5926	6178	9116	0
GX394655.1	29727	8454	5941	6188	9144	0
AY304491.1	11006	3208	2252	2188	3358	0
DL008565.1	2051	589	413	428	621	0
JX163923.1	29646	8429	5919	6173	9119	6
AY502932.1	29729	8457	5938	6188	9145	1
KU973692.1	29722	8435	5985	6251	9051	0
KF514395.1	29687	8442	5941	6182	9122	0
KF514401.1	29687	8442	5941	6182	9122	0
AY572038.1	29683	8442	5931	6195	9115	0
KY770859.1	29667	8398	5966	6221	9082	0
AP006559.1	29727	8456	5936	6188	9147	0
AP006558.1	29725	8455	5939	6188	9143	0
HQ890529.1	29646	8427	5928	6175	9114	2
KF514414.1	29687	8442	5941	6182	9122	0
KF294446.1	2795	804	522	590	879	0
KY417143.1	29741	8490	5991	6222	9038	0
AY297028.1	29715	8458	5934	6187	9135	1
AY394979.1	29645	8448	5912	6175	9110	0
CS460762.1	37971	10512	7806	8196	11457	0
KF514405.1	29687	8442	5941	6182	9122	0
AY291315.1	29727	8458	5935	6186	9148	0
JF292906.1	29646	8426	5927	6176	9114	3
JX162087.1	29688	8428	5948	6192	9120	0
JF292921.1	29646	8429	5924	6178	9115	0
AY559090.1	29725	8456	5936	6189	9143	1
KF294424.1	2795	803	523	589	880	0
KF294453.1	2795	804	522	590	879	0
FJ882927.1	29687	8443	5936	6184	9124	0
KF294452.1	2795	805	523	589	878	0
AY362698.1	29727	8456	5939	6188	9144	0
KF514415.1	29687	8443	5937	6183	9123	1
FJ882954.1	29636	8431	5934	6170	9100	1
CS116964.1	21221	6034	4128	4521	6538	0
AY502927.1	29729	8457	5939	6187	9144	2
LR757997.1	29388	5738	3620	3804	6101	10125
MT044258.1	29858	8928	5490	5857	9583	0
KF514399.1	29687	8443	5937	6183	9123	1
AY502929.1	29729	8458	5940	6188	9143	0
AY714217.1	29727	8454	5940	6189	9144	0
AY559093.1	29712	8453	5936	6186	9137	0
KF294451.1	2792	804	521	589	878	0
KF514397.1	29687	8443	5937	6183	9123	1
KF514403.1	29687	8442	5941	6182	9122	0
EU371564.1	29512	8400	5893	6143	9076	0
AY278489.2	29757	8481	5953	6189	9134	0
FJ882945.1	29720	8450	5944	6189	9137	0
LR757996.1	29868	8933	5488	5861	9586	0
AY283797.1	29706	8451	5935	6184	9135	1
HQ890526.1	29646	8427	5928	6176	9114	1
MT007544.1	29893	8952	5491	5859	9591	0
MK211377.1	29689	8465	5999	6200	9025	0
JX163926.1	29646	8431	5921	6173	9119	2
JF292920.1	29646	8430	5926	6177	9113	0
FJ882947.1	29616	8420	5918	6173	9105	0
JF292904.1	29645	8427	5927	6176	9113	2
HQ890531.1	29645	8427	5927	6176	9113	2
EU371560.1	29731	8462	5937	6188	9144	0
AY394990.1	29736	8477	5940	6185	9134	0
GQ153540.1	29704	8418	5944	6284	9058	0
GQ153543.1	29681	8403	5904	6290	9084	0
HQ890535.1	29646	8426	5928	6176	9114	2
AY304495.1	29720	8461	5939	6185	9135	0
JF292905.1	29646	8427	5927	6176	9113	3
AY394998.1	29736	8476	5939	6186	9135	0
KF294426.1	2795	804	522	590	879	0
CS362782.1	8088	2387	1536	1682	2483	0
AY362699.1	29727	8456	5940	6188	9143	0
AY686863.1	29499	8387	5901	6149	9062	0
FJ429166.1	29747	8478	5937	6186	9146	0
AP006561.1	29727	8456	5937	6188	9146	0
MT044257.1	29882	8934	5492	5862	9594	0
MK062180.1	29727	8454	5944	6188	9141	0
DJ059785.1	21221	6034	4128	4521	6538	0
HW375992.1	29751	8478	5941	6188	9144	0
FJ882948.1	29720	8451	5944	6187	9138	0
KF294422.1	2795	804	521	592	878	0
AY394999.1	29350	8370	5860	6110	9010	0
EA012721.1	10546	2905	2036	2185	3420	0
KF294449.1	2795	804	522	590	879	0
AY559089.1	29717	8444	5928	6178	9135	32
AY463060.1	29013	8209	5808	6061	8932	3
CS079027.1	29727	8455	5940	6188	9144	0
KF514391.1	29687	8442	5941	6182	9122	0
MN988668.1	29881	8932	5492	5863	9594	0
KF514421.1	29687	8443	5937	6183	9123	1
AY278490.3	29740	8464	5951	6183	9142	0
KF514418.1	29687	8443	5937	6183	9123	1
DQ497008.1	29727	8454	5940	6187	9144	2
HQ890545.1	29646	8430	5926	6177	9113	0
CQ903009.1	29727	8454	5941	6188	9144	0
DJ059803.1	2051	589	413	428	621	0
HQ890537.1	29646	8427	5928	6176	9114	1
KF514411.1	29687	8442	5941	6182	9122	0
KJ473814.1	29658	8437	6054	6234	8933	0
AY613949.1	29730	8470	5936	6203	9121	0
KF294430.1	2795	804	522	590	879	0
KF514394.1	29687	8443	5937	6183	9123	1
KU182964.1	28761	8145	5778	6010	8828	0
GU553365.1	29644	8430	5917	6175	9121	1
NC_004718.3	29751	8481	5940	6187	9143	0
AY395004.1	29620	8256	5817	6065	8915	567
JF292916.1	29646	8430	5926	6177	9113	0
KF367457.1	30309	8654	6062	6294	9299	0
MT027064.1	29882	8933	5490	5863	9596	0
MK062179.1	29727	8455	5944	6188	9140	0
MN988713.1	29882	8933	5488	5862	9591	8
EU371559.1	29731	8460	5940	6188	9143	0
AY278487.3	29745	8472	5943	6184	9146	0
JF292913.1	29646	8429	5926	6177	9113	1
DQ084200.1	29711	8444	5939	6279	9049	0
KF294435.1	2795	804	522	590	879	0
AY345988.1	29736	8474	5940	6187	9135	0
CS460753.1	8088	2387	1536	1682	2483	0
MT020881.1	29882	8933	5491	5863	9595	0
MN994468.1	29883	8934	5491	5862	9596	0
AY572034.1	29540	8402	5911	6154	9073	0
AY613947.1	29730	8475	5931	6198	9126	0
KY770860.1	29651	8439	5990	6181	9041	0
MN994467.1	29882	8933	5493	5861	9595	0
FJ882932.1	29646	8429	5923	6178	9116	0
AY502930.1	29729	8458	5939	6188	9144	0
AY282752.2	29736	8476	5939	6185	9136	0
KF294436.1	2795	804	522	590	879	0
CS480528.1	8088	2387	1536	1682	2483	0
KF294444.1	2795	804	523	590	878	0
AY286320.4	26333	7456	5180	5484	8213	0
FJ882942.1	29721	8445	5953	6190	9133	0
LR757998.1	29866	8937	5486	5859	9584	0
KF294423.1	2795	804	522	590	879	0
MN988669.1	29881	8932	5492	5863	9594	0
AY559083.1	29767	8402	5893	6140	9068	264
MT027063.1	29882	8933	5491	5863	9595	0
AY394995.1	29765	8486	5949	6189	9141	0
KF294425.1	2795	806	523	590	876	0
AH013709.2	27358	7705	5348	5589	8216	500
JX993988.1	29452	8378	5875	6163	9036	0
KF514423.1	29687	8443	5937	6183	9123	1
AY310120.1	29740	8471	5935	6186	9148	0
KF294429.1	2795	804	522	591	878	0
AP006560.1	29727	8456	5937	6188	9146	0
KF294454.1	2795	804	523	589	879	0
KY417142.1	29725	8477	5994	6214	9040	0
FW503166.1	29751	9198	4151	7113	9289	0
KY770858.1	29688	8415	5971	6221	9081	0
EA012709.1	29736	8476	5942	6185	9133	0
HZ038027.1	29751	9198	4151	7113	9289	0
MT019532.1	29890	8941	5492	5863	9594	0
DQ640652.1	29746	8477	5947	6186	9136	0
GX277757.1	21221	6034	4128	4521	6538	0
KF514413.1	29687	8443	5937	6183	9123	1
AY283795.1	29705	8447	5936	6187	9135	0
GX277737.1	29746	8475	5940	6187	9144	0
HQ890533.1	29646	8427	5928	6176	9114	1
JF292912.1	29646	8430	5926	6177	9113	0
KF294445.1	2795	804	522	590	879	0
AY559094.1	29577	8418	5909	6169	9081	0
NC_014470.1	29276	8130	5691	6151	9304	0
JF292902.1	29646	8427	5928	6176	9114	1
AY395001.1	29350	8371	5862	6109	9008	0
AY502923.1	29729	8458	5937	6188	9146	0
FJ211859.1	29750	8448	5953	6287	9062	0
KF294441.1	2795	798	527	586	884	0
AY394985.1	29530	8427	5887	6145	9071	0
JF292907.1	29646	8430	5926	6177	9113	0
EU371562.1	29602	8425	5910	6166	9101	0
HQ890534.1	29646	8427	5928	6175	9114	2
KJ473818.1	6621	1859	1314	1287	2060	101
MT019531.1	29899	8950	5493	5863	9593	0
FJ588686.1	29059	8266	5856	6085	8852	0
FJ882934.1	29647	8429	5924	6179	9115	0
HQ890546.1	29646	8430	5926	6177	9113	0
FJ882951.1	29721	8444	5950	6189	9138	0
MT084071.1	27213	7629	4740	4966	8006	1872
FJ882960.1	29646	8428	5936	6176	9104	2
CS569493.1	29751	8478	5941	6188	9144	0
KF294437.1	2795	804	522	590	879	0
CS274821.1	13149	3648	2592	2847	4062	0
FJ882956.1	29644	8431	5935	6171	9103	4
AY350750.1	29738	8477	5938	6186	9137	0
AY394991.1	29736	8476	5938	6186	9136	0
MT019533.1	29883	8934	5492	5862	9595	0
AY545916.1	29721	8453	5946	6196	9126	0
KJ473817.1	10541	2825	2113	2061	3342	200
MT039873.1	29833	8910	5487	5856	9580	0
KF294431.1	2795	805	520	590	880	0
MN996529.1	29852	8913	5491	5860	9588	0
KF514389.1	29687	8442	5941	6182	9122	0
CQ918585.1	29736	8477	5939	6185	9135	0
AY502925.1	29729	8457	5940	6188	9144	0
MT106052.1	29882	8935	5492	5861	9594	0
MT093631.1	29911	8936	5500	5869	9606	0
MT039887.1	29879	8932	5491	5863	9593	0
KF514400.1	29687	8443	5937	6183	9123	1
MN996528.1	29891	8942	5492	5863	9594	0
LR757995.1	29872	8932	5490	5861	9589	0
AY394981.1	29726	8364	5871	6113	9007	371
HW269828.1	29751	8478	5941	6188	9144	0
AY304489.1	8439	2422	1777	1641	2599	0
HW364317.1	21221	6034	4128	4521	6538	0
MT020781.1	29847	8871	5453	5839	9521	163
KF514410.1	29687	8442	5941	6182	9122	0
AY304487.1	8581	2465	1807	1676	2633	0
KF294427.1	2795	806	521	589	879	0
AY394994.1	29765	8486	5949	6192	9138	0
AH012999.2	19529	5362	3898	3960	6009	300
AY291451.1	29729	8457	5940	6188	9144	0
DQ412042.1	29709	8454	6003	6207	9045	0
DQ084199.1	29687	8414	5936	6284	9053	0
AY508724.1	29732	8469	5942	6185	9136	0
EU371563.1	29602	8425	5910	6164	9103	0
MT020880.1	29882	8933	5491	5863	9595	0
MT049951.1	29903	8956	5492	5862	9593	0
GQ153547.1	29704	8428	5935	6267	9074	0
AY304494.1	11010	3206	2247	2190	3365	2
MK062183.1	29874	8473	5968	6241	9192	0
KF294450.1	2795	805	521	591	878	0
AY572035.1	29518	8395	5907	6151	9065	0
KF294438.1	2795	804	523	590	878	0
KF514417.1	29687	8442	5941	6182	9122	0
JN854286.1	29727	8453	5942	6189	9143	0
AY394983.1	29699	8464	5928	6181	9126	0
AY559097.1	29715	8426	5915	6164	9101	109
JF292909.1	29646	8429	5926	6177	9113	1
KF514396.1	29687	8443	5937	6183	9123	1
AY654624.1	29745	8476	5939	6186	9144	0
FJ882940.1	29646	8432	5933	6172	9109	0
KF514420.1	29687	8442	5941	6182	9122	0
KU182963.1	10559	2920	2080	2214	3345	0
AY338174.1	29573	8409	5909	6162	9093	0
MK062181.1	29727	8437	5944	6197	9149	0
AY321118.1	29725	8455	5939	6188	9143	0
AY394992.1	29736	8479	5940	6183	9134	0
HQ890532.1	29645	8427	5928	6176	9113	1
HI553383.1	29751	9198	4151	7113	9289	0
AY485278.1	29740	8469	5940	6187	9144	0
HQ890543.1	29646	8430	5926	6177	9113	0
AY283798.2	29711	8453	5935	6185	9138	0
AY545915.1	29714	8400	5906	6152	9055	201
KF514392.1	29687	8443	5937	6183	9123	1
FJ959407.1	29694	8442	5942	6199	9111	0
GQ153545.1	29695	8412	5938	6283	9062	0
FJ882953.1	29648	8425	5937	6178	9108	0
CQ918598.1	29751	8481	5940	6187	9143	0
JF292908.1	29646	8430	5926	6177	9113	0
KF514388.1	29687	8443	5937	6183	9123	1
AY613948.1	29730	8475	5936	6198	9121	0
CS079028.1	29742	8475	5942	6183	9142	0
HQ890528.1	29646	8427	5928	6176	9114	1
MN996532.1	29855	8928	5510	5846	9571	0
CS362781.1	13149	3648	2592	2847	4062	0
JF292915.1	29646	8429	5925	6177	9113	2
CS117114.1	29746	8475	5940	6187	9144	0
KF294456.1	21444	6091	4255	4577	6521	0
FJ882961.1	29720	8451	5942	6188	9139	0
AY394980.1	29705	7272	5059	5277	7722	4375
AH013708.2	25965	7300	5118	5370	7877	300
DL476508.1	29751	8478	5941	6188	9144	0
AY394987.1	29709	8466	5928	6182	9133	0
MN996527.1	29825	8904	5483	5855	9583	0
KF294439.1	2795	798	527	586	884	0
MT027062.1	29882	8933	5491	5863	9595	0
CS254197.1	29751	8478	5941	6188	9144	0
AY390556.1	29760	8473	5955	6190	9142	0
AY394850.2	29728	8458	5941	6189	9140	0
AY279354.2	29732	8469	5942	6185	9136	0
DQ022305.2	29728	8447	5942	6282	9057	0
DI195813.1	29751	9198	4151	7113	9289	0
FJ882929.1	29665	8439	5940	6175	9110	1
KF294432.1	2795	804	522	590	879	0
AY278491.2	29742	8475	5942	6183	9142	0
AY283794.1	29711	8453	5937	6184	9137	0
FJ882944.1	29628	8427	5934	6167	9096	4
EA012707.1	29727	8455	5940	6188	9144	0
DD441240.1	29727	8454	5941	6188	9144	0
KF514404.1	29687	8443	5937	6183	9123	1
KF514419.1	29687	8443	5937	6183	9123	1
MN996530.1	29854	8914	5491	5861	9588	0
DQ648856.1	29704	8467	6021	6194	9022	0
AY772062.1	29461	8374	5882	6160	9045	0
FJ882930.1	29687	8442	5941	6182	9122	0
HQ890538.1	29646	8427	5927	6176	9114	2
AY461660.1	29715	8453	5933	6185	9144	0
JF292922.1	29647	8417	5934	6183	9111	2
FJ882935.1	29647	8429	5924	6178	9116	0
KF294447.1	2795	807	518	592	878	0
AY559082.1	29670	8445	5926	6175	9124	0
MN997409.1	29882	8933	5491	5862	9596	0
DQ071615.1	29736	8547	5946	6202	9041	0
GP243204.1	29751	8481	5940	6187	9143	0
CS460752.1	13149	3648	2592	2847	4062	0
AY686864.1	29525	8396	5906	6152	9071	0
KJ473811.1	29037	8254	5825	6080	8878	0
MT072688.1	29811	8903	5482	5852	9574	0
KF294420.1	2795	805	521	589	880	0
AY357075.1	29738	8478	5940	6185	9135	0
AY502926.1	29729	8456	5938	6188	9145	2
AY864805.1	29751	8481	5943	6187	9140	0
AY545914.1	29723	8456	5946	6198	9123	0
JF292918.1	29646	8430	5926	6177	9113	0
FJ882957.1	29720	8451	5944	6189	9136	0
GU553363.1	29644	8430	5919	6175	9120	0
AY394988.1	29665	8181	5726	5952	8739	1067
GQ153539.1	29704	8415	5940	6289	9060	0
KF514412.1	29687	8442	5941	6182	9122	0
KF514409.1	29687	8443	5937	6183	9123	1
CS480527.1	13149	3648	2592	2847	4062	0
KJ473812.1	29443	8391	5926	6141	8985	0
FJ882955.1	29646	8428	5932	6175	9110	1
AY502931.1	29729	8458	5939	6188	9143	1
FJ882938.1	29687	8443	5937	6183	9123	1
AY545919.1	29739	8465	5950	6203	9121	0
EA133160.1	29727	8454	5941	6188	9144	0
FJ882952.1	29720	8451	5944	6188	9137	0
JF292910.1	29646	8429	5926	6177	9113	1
JX163927.1	29646	8431	5919	6173	9118	5
KY417146.1	29782	8478	5982	6214	9108	0
JF292919.1	29646	8430	5926	6177	9113	0
KY417152.1	29769	8486	5959	6193	9131	0
KY352407.1	29274	8354	5428	6052	9440	0
CS116985.1	2051	589	413	428	621	0
